              precision    recall  f1-score   support

          0%       1.00      1.00      1.00        36
          3%       1.00      1.00      1.00        36
          5%       1.00      1.00      1.00        36
          8%       1.00      1.00      1.00        36
         10%       1.00      1.00      1.00        36
         12%       1.00      1.00      1.00        36
         15%       1.00      1.00      1.00        36
         17%       1.00      1.00      1.00        36
         20%       1.00      1.00      1.00        36

    accuracy                           1.00       324
   macro avg       1.00      1.00      1.00       324
weighted avg       1.00      1.00      1.00       324
